   1.6188475e+02
   1.6247775e+02
   1.5674081e+02
   1.6818519e+02
   1.7131415e+02
   1.8393830e+02
   1.7706213e+02
   1.8162847e+02
   1.6246312e+02
   1.7321925e+02
   1.8635704e+02
   1.6352205e+02
   1.7673263e+02
   1.8273555e+02
   1.5960188e+02
   1.7487950e+02
   1.6093246e+02
   1.6525297e+02
   1.6333913e+02
   1.6497980e+02
   1.6691114e+02
   1.6163099e+02
   1.6371676e+02
   1.7500903e+02
   1.8670254e+02
   1.5458270e+02
   1.6727991e+02
   1.7341647e+02
   1.7484367e+02
   1.7952684e+02
   1.7131350e+02
   1.5258087e+02
   1.7667761e+02
   1.7898156e+02
   1.6450684e+02
   1.6682500e+02
   1.6417307e+02
   1.6835789e+02
   1.6064867e+02
   1.8188107e+02
   1.5787212e+02
   1.6618821e+02
   1.8322653e+02
   1.7385346e+02
   1.6638178e+02
   1.6573623e+02
   1.7387138e+02
   1.7902777e+02
   1.7717775e+02
   1.8736081e+02
   1.5991167e+02
   1.6819961e+02
   1.4973452e+02
   1.7408938e+02
   1.7734325e+02
   1.7081967e+02
   1.5313483e+02
   1.4938289e+02
   1.8820937e+02
   1.5750868e+02
   1.7936316e+02
   1.6828441e+02
   1.6921631e+02
   1.6389631e+02
   1.7568876e+02
   1.6842803e+02
   1.5931494e+02
   1.6687478e+02
   1.6982877e+02
   1.6867668e+02
   1.7444685e+02
   1.7401739e+02
   1.4485810e+02
   1.6211507e+02
   1.6885983e+02
   1.7474137e+02
   1.7684916e+02
   1.7539770e+02
   1.6619551e+02
   1.8443057e+02
   1.6190701e+02
   1.5528769e+02
   1.7425422e+02
   1.7964193e+02
   1.7970417e+02
   1.7522314e+02
   1.7874779e+02
   1.7158066e+02
   1.8565689e+02
   1.8352758e+02
   1.7092528e+02
   1.7782523e+02
   1.8110024e+02
   1.8499947e+02
   1.6867619e+02
   1.8257800e+02
   1.8093293e+02
   1.7975221e+02
   1.8200286e+02
   1.6892717e+02
   1.7619499e+02
   1.8090969e+02
   1.6557965e+02
   1.5719207e+02
   1.7658783e+02
   1.7201029e+02
   1.7450020e+02
   1.6986931e+02
   1.6153518e+02
   1.7482718e+02
   1.7933121e+02
   1.7291701e+02
   1.6786606e+02
   1.6959295e+02
   1.6771972e+02
   1.5618895e+02
   1.7265064e+02
   1.8062073e+02
   1.7058548e+02
   1.6435399e+02
   1.7662651e+02
   1.8209074e+02
   1.7454821e+02
   1.7493571e+02
   1.7221621e+02
   1.6425356e+02
   1.7132270e+02
   1.8128640e+02
   1.6943994e+02
   1.7706266e+02
   1.6939449e+02
   1.7590249e+02
   1.6380393e+02
   1.5809720e+02
   1.4564644e+02
   1.7732006e+02
   1.7346812e+02
   1.7728087e+02
   1.7571160e+02
   1.5222426e+02
   1.7103379e+02
   1.8934848e+02
   1.7930673e+02
   1.6849165e+02
   1.6531801e+02
   1.6634713e+02
   1.7258135e+02
   1.7185360e+02
   1.6105435e+02
   1.6545575e+02
   1.6716984e+02
   1.8096502e+02
   1.8017797e+02
   1.7302555e+02
   1.5739072e+02
   1.7240151e+02
   1.7783438e+02
   1.6806980e+02
   1.5692990e+02
   1.6234400e+02
   1.7782553e+02
   1.6931337e+02
   1.7383216e+02
   1.7311429e+02
   1.7752057e+02
   1.7957192e+02
   1.7441504e+02
   1.7553146e+02
   1.7367188e+02
   1.5855303e+02
   1.7927484e+02
   1.8047735e+02
   1.7329096e+02
   1.6760326e+02
   1.6432163e+02
   1.5435390e+02
   1.7029718e+02
   1.7607178e+02
   1.7960290e+02
   1.6874463e+02
   1.6517436e+02
   1.8720410e+02
   1.8711623e+02
   1.9391953e+02
   1.6062758e+02
   1.5716159e+02
   1.7162596e+02
   1.7389030e+02
   1.7684993e+02
   1.6508181e+02
   1.6801199e+02
   1.6691695e+02
   1.5029001e+02
   1.6177874e+02
   1.7067323e+02
   1.6584372e+02
   1.7841799e+02
   1.7593507e+02
   1.7299009e+02
   1.7620326e+02
   1.9054750e+02
   1.6748196e+02
   1.9663588e+02
   1.8857824e+02
   1.8264711e+02
   1.5031158e+02
   1.6435084e+02
   1.5682786e+02
   1.7202111e+02
   1.5941599e+02
   1.6560030e+02
   1.8477887e+02
   1.5771741e+02
   1.5153316e+02
   1.6252396e+02
   1.6743692e+02
   1.7683926e+02
   1.7118213e+02
   1.6647654e+02
   1.7234607e+02
   1.5861782e+02
   1.7301032e+02
   1.8036698e+02
   1.6979746e+02
   1.8185631e+02
   1.6667378e+02
   1.8019893e+02
   1.5654013e+02
   1.7045250e+02
   1.7569786e+02
   1.5951959e+02
   1.5523449e+02
   1.6408824e+02
   1.6740991e+02
   1.8356837e+02
   1.5994350e+02
   1.8044222e+02
   1.6740678e+02
   1.6380798e+02
   1.6648986e+02
   1.9136199e+02
   1.6384003e+02
   1.8513936e+02
   1.7085554e+02
   1.6497400e+02
   1.7705825e+02
   1.7119694e+02
   1.6914305e+02
   1.7482052e+02
   1.6524029e+02
   1.9117041e+02
   1.7099027e+02
   1.7806671e+02
   1.8016919e+02
   1.6066602e+02
   1.8472505e+02
   1.7984960e+02
   1.6253315e+02
   1.7315409e+02
   1.6085669e+02
   1.8230368e+02
   1.6973413e+02
   1.7909717e+02
   1.7059257e+02
   1.7268029e+02
   1.6505785e+02
   1.6540863e+02
   1.6811989e+02
   1.9425649e+02
   1.7870545e+02
   1.7561763e+02
   1.7549710e+02
   1.9398342e+02
   1.7457321e+02
   1.7655074e+02
   1.6386521e+02
   1.6981309e+02
   1.5961954e+02
   1.7545862e+02
   1.6330601e+02
   1.8364796e+02
   1.7978851e+02
   1.6933731e+02
   1.6642122e+02
   1.5625566e+02
   1.7850665e+02
   1.7858155e+02
   1.6900447e+02
   1.9104033e+02
   1.7594185e+02
   1.7601986e+02
   1.7023121e+02
   1.7768642e+02
   1.6257183e+02
   1.6903695e+02
   1.6004769e+02
   1.5768738e+02
   1.5162346e+02
   1.8589752e+02
   1.4968151e+02
   1.9355229e+02
   1.7764044e+02
   1.4885347e+02
   1.6909647e+02
   1.7884819e+02
   1.6311625e+02
   1.7795720e+02
   1.5962253e+02
   1.7098199e+02
   1.8523727e+02
   1.7374233e+02
   1.8239007e+02
   1.7065530e+02
   1.6319692e+02
   1.7513557e+02
   1.7053690e+02
   1.9130117e+02
   1.6180399e+02
   1.7098988e+02
   1.5538268e+02
   1.8626998e+02
   1.7660438e+02
   1.8417105e+02
   1.6746769e+02
   1.7450423e+02
   1.8301366e+02
   1.6706683e+02
   1.7569216e+02
   1.5594313e+02
   1.6706864e+02
   1.6880454e+02
   1.6299975e+02
   1.5422984e+02
   1.7287584e+02
   1.7240202e+02
   1.7622445e+02
   1.7968519e+02
   1.6125470e+02
   1.7262285e+02
   1.7145016e+02
   1.8197550e+02
   1.7924739e+02
   1.6216153e+02
   1.5184932e+02
   1.6188152e+02
   1.7988930e+02
   1.6992617e+02
   1.6796281e+02
   1.6303257e+02
   1.6374976e+02
   1.7463204e+02
   1.7758130e+02
   1.7506400e+02
   1.7180018e+02
   1.8169020e+02
   1.6819602e+02
   1.6983715e+02
   1.6020479e+02
   1.7200609e+02
   1.6852524e+02
   1.5980123e+02
   1.7555248e+02
   1.7269996e+02
   1.9061480e+02
   1.7516728e+02
   1.7517820e+02
   1.6823595e+02
   1.5907581e+02
   1.5813683e+02
   1.7338367e+02
   1.8533758e+02
   1.7377798e+02
   1.7953230e+02
   1.6509857e+02
   1.7313562e+02
   1.6736195e+02
   1.6207818e+02
   1.7744095e+02
   1.6719444e+02
   1.3783062e+02
   1.8934769e+02
   1.6701242e+02
   1.7382981e+02
   1.6545613e+02
   1.7156459e+02
   1.6738736e+02
   1.6938552e+02
   1.6565105e+02
   1.5896334e+02
   1.6541218e+02
   1.7294173e+02
   1.6805223e+02
   1.8597672e+02
   2.0095442e+02
   1.6244204e+02
   1.6127643e+02
   1.5947009e+02
   1.6024400e+02
   1.6887892e+02
   1.7345423e+02
   1.7154879e+02
   1.5693158e+02
   1.8525712e+02
   1.7958633e+02
   1.6013828e+02
   1.6762811e+02
   1.6514211e+02
   1.6938836e+02
   1.6360083e+02
   1.6284677e+02
   1.7181414e+02
   1.6697406e+02
   1.6997826e+02
   1.6648480e+02
   1.6855130e+02
   1.7214071e+02
   1.6345858e+02
   1.8385581e+02
   1.7605128e+02
   1.4244606e+02
   1.6337297e+02
   1.7643925e+02
   1.7935733e+02
   1.5573527e+02
   1.8766362e+02
   1.6960249e+02
   1.5497375e+02
   1.6575037e+02
   1.6350711e+02
   1.8570454e+02
   1.4808952e+02
   1.6192907e+02
   1.7386848e+02
   1.7742925e+02
   1.5375184e+02
   1.8368025e+02
   1.5591161e+02
   1.6117834e+02
   1.6653441e+02
   1.7842839e+02
   1.7550730e+02
   1.7005089e+02
   1.7877321e+02
   1.6456459e+02
   1.8572216e+02
   1.7091946e+02
   1.5158442e+02
   1.6095933e+02
   1.6014352e+02
   1.5870171e+02
   1.7660786e+02
   1.5792184e+02
   1.6999802e+02
   1.6878460e+02
   1.6226380e+02
   1.7108790e+02
   1.6297336e+02
   1.8847970e+02
   1.5489970e+02
   1.7265105e+02
   1.6500287e+02
   1.6790496e+02
   1.5269621e+02
   1.7841645e+02
   1.7216090e+02
   1.8095596e+02
   1.7621105e+02
   1.6204510e+02
   1.5778162e+02
   1.6489164e+02
   1.7519538e+02
   1.5895063e+02
   1.6755114e+02
   1.4814269e+02
   1.6015587e+02
   1.7473450e+02
   1.7816466e+02
   1.8390921e+02
   1.7419891e+02
   1.7361253e+02
   1.6021713e+02
   1.5021175e+02
   1.7994518e+02
   1.7538026e+02
   1.7445521e+02
   1.7654221e+02
   1.6562013e+02
   1.8122651e+02
   1.7959860e+02
   1.6711405e+02
   1.6384057e+02
   1.6949383e+02
   1.7669184e+02
   1.8149875e+02
   1.7989452e+02
   1.5107113e+02
   1.7294597e+02
   1.3931127e+02
   1.5401221e+02
   1.6153682e+02
   1.7044202e+02
   1.6942315e+02
   1.6877382e+02
   1.8037151e+02
   1.7117241e+02
   1.7881672e+02
   1.6923859e+02
   1.6085572e+02
   1.5813686e+02
   1.8199755e+02
   1.6584038e+02
   1.7483943e+02
   1.6993488e+02
   1.6476235e+02
   1.7460517e+02
   1.6157589e+02
   1.7920293e+02
   1.8278415e+02
   1.8820372e+02
   1.7675905e+02
   1.7935485e+02
   1.7788261e+02
   1.5991806e+02
   1.6884670e+02
   1.7419144e+02
   1.5857028e+02
   1.6776523e+02
   1.5583589e+02
   1.6737701e+02
   1.7228029e+02
   1.7336120e+02
   1.7683451e+02
   1.7980725e+02
   1.6784469e+02
   1.7961221e+02
   1.8034960e+02
   1.6843090e+02
   1.7110775e+02
   1.7909423e+02
   1.6933936e+02
   1.6273243e+02
   1.6491619e+02
   1.6356543e+02
   1.5915904e+02
   1.8232902e+02
   1.4914987e+02
   1.6907842e+02
   1.7129626e+02
   1.7206293e+02
   1.6786519e+02
   1.5473016e+02
   1.6455781e+02
   1.5972188e+02
   1.7687556e+02
   1.6606721e+02
   1.7475658e+02
   1.6936547e+02
   1.6440953e+02
   1.6264603e+02
   1.5613380e+02
   1.6200826e+02
   1.6388781e+02
   1.6889777e+02
   1.7414259e+02
   1.7230095e+02
   1.7857031e+02
   1.7048209e+02
   1.8023348e+02
   1.6818007e+02
   1.6709872e+02
   1.7815204e+02
   1.7322332e+02
   1.7138375e+02
   1.6548988e+02
   1.6846959e+02
   1.6120998e+02
   1.6807293e+02
   1.7194886e+02
   1.8594878e+02
   1.6558057e+02
   1.6578029e+02
   1.7225809e+02
   1.7146405e+02
   1.7009690e+02
   1.7107599e+02
   1.4950469e+02
   1.8314030e+02
   1.7618040e+02
   1.6580735e+02
   1.6345381e+02
   1.6309853e+02
   1.5320731e+02
   1.6751831e+02
   1.8193355e+02
   1.5436427e+02
   1.5254811e+02
   1.6975905e+02
   1.5651811e+02
   1.6712794e+02
   1.6248735e+02
   1.7431725e+02
   1.6568761e+02
   1.7121855e+02
   1.7420567e+02
   1.7404850e+02
   1.7483730e+02
   1.6706674e+02
   1.4530522e+02
   1.7252209e+02
   1.6070827e+02
   1.7531846e+02
   1.5673688e+02
   1.8024025e+02
   1.6098735e+02
   1.6344184e+02
   1.7398171e+02
   1.9345312e+02
   1.6054705e+02
   1.8789503e+02
   1.7490436e+02
   1.6107064e+02
   1.7764206e+02
   1.7221817e+02
   1.6530062e+02
   1.6562894e+02
   1.4948603e+02
   1.6839207e+02
   1.7530750e+02
   1.7264524e+02
   1.6668064e+02
   1.8065074e+02
   1.6603598e+02
   1.7615847e+02
   1.5842233e+02
   1.6806961e+02
   1.7286296e+02
   1.7721219e+02
   1.7038690e+02
   1.7343145e+02
   1.8256098e+02
   1.8244186e+02
   1.6436877e+02
   1.7234618e+02
   1.8547341e+02
   1.7166981e+02
   1.7031501e+02
   1.8418840e+02
   1.7892036e+02
   1.6342935e+02
   1.7003798e+02
   1.5875927e+02
   1.6751304e+02
   1.7898670e+02
   1.5711906e+02
   1.8021614e+02
   1.6615750e+02
   1.6302574e+02
   1.6265581e+02
   1.4870261e+02
   1.6905748e+02
   1.5847954e+02
   1.5320831e+02
   1.6995011e+02
   1.6412503e+02
   1.6600731e+02
   1.7124209e+02
   1.7164378e+02
   1.6649914e+02
   1.6714714e+02
   1.6602174e+02
   1.6743620e+02
   1.6064526e+02
   1.5692531e+02
   1.5874711e+02
   1.7527863e+02
   1.7005442e+02
   1.7899864e+02
   1.8179986e+02
   1.6236296e+02
   1.5943326e+02
   1.5139362e+02
   1.6788890e+02
   1.7691298e+02
   1.8498205e+02
   1.7076073e+02
   1.6535209e+02
   1.7220293e+02
   1.6178211e+02
   1.7090596e+02
   1.6919152e+02
   1.5761539e+02
   1.6663573e+02
   1.7462542e+02
   1.8424667e+02
   1.7550282e+02
   1.8942518e+02
   1.6306379e+02
   1.7185088e+02
   1.6833129e+02
   1.7147516e+02
   1.5923695e+02
   1.6896590e+02
   1.6684641e+02
   1.6626738e+02
   1.6635748e+02
   1.6741727e+02
   1.7008841e+02
   1.8295887e+02
   1.6620926e+02
   1.6994665e+02
   1.5353059e+02
   1.7186072e+02
   1.7080752e+02
   1.6352996e+02
   1.7370197e+02
   1.6713331e+02
   1.6728535e+02
   1.5870735e+02
   1.7877298e+02
   1.6077718e+02
   1.7107800e+02
   1.7118926e+02
   1.7718439e+02
   1.7739080e+02
   1.5644741e+02
   1.8290521e+02
   1.7573420e+02
   1.6050445e+02
   1.6010311e+02
   1.6590513e+02
   1.6464164e+02
   1.7965501e+02
   1.8018643e+02
   1.7211297e+02
   1.8026361e+02
   1.7109824e+02
   1.8326612e+02
   1.8218623e+02
   1.5731246e+02
   1.7836291e+02
   1.7367967e+02
   1.6780238e+02
   1.7840888e+02
   1.6549913e+02
   1.6434154e+02
   1.7566466e+02
   1.6894056e+02
   1.7095586e+02
   1.8147269e+02
   1.6504453e+02
   1.7241709e+02
   1.7767682e+02
   1.5834733e+02
   1.7102891e+02
   1.6830371e+02
   1.7457274e+02
   1.7262058e+02
   1.7029127e+02
   1.6178613e+02
   1.7923374e+02
   1.8492881e+02
   1.7492341e+02
   1.7845268e+02
   1.7048235e+02
   1.6605573e+02
   1.7180613e+02
   1.5447293e+02
   1.8659258e+02
   1.7930519e+02
   1.5167220e+02
   1.5687204e+02
   1.7575380e+02
   1.6839012e+02
   1.6969557e+02
   1.5397864e+02
   1.7125498e+02
   1.7180545e+02
   1.7635109e+02
   1.5527304e+02
   1.8020282e+02
   1.5938394e+02
   1.7060541e+02
   1.8513324e+02
   1.8329509e+02
   1.7388209e+02
   1.8061923e+02
   1.5847448e+02
   1.7824067e+02
   1.7913640e+02
   1.5970837e+02
   1.7139010e+02
   1.9858356e+02
   1.7961788e+02
   1.8244885e+02
   1.7607051e+02
   1.5842171e+02
   1.5101092e+02
   1.6919809e+02
   1.5984228e+02
   1.5555464e+02
   1.6861371e+02
   1.7432021e+02
   1.9252994e+02
   1.6540419e+02
   1.7090487e+02
   1.9608135e+02
   1.5962831e+02
   1.7253104e+02
   1.6733401e+02
   1.8317484e+02
   1.7111701e+02
   1.8271437e+02
   1.7411779e+02
   1.7757916e+02
   1.5327665e+02
   1.6266515e+02
   1.5676785e+02
   1.5488435e+02
   1.7911439e+02
   1.8043876e+02
   1.6862961e+02
   1.6009605e+02
   1.8044403e+02
   1.8824659e+02
   1.7703412e+02
   1.6177848e+02
   1.6550687e+02
   1.7703210e+02
   1.7062228e+02
   1.8026437e+02
   1.6018085e+02
   1.8536166e+02
   1.6712119e+02
   1.6288700e+02
   1.5825044e+02
   1.7855773e+02
   1.6663824e+02
   1.6725812e+02
   1.6622705e+02
   1.5960268e+02
   1.6291602e+02
   1.6880811e+02
   1.9169424e+02
   1.6623369e+02
   1.7798686e+02
   1.6057972e+02
   1.7873113e+02
   1.7895998e+02
   1.7715522e+02
   1.7371602e+02
   1.5174799e+02
   1.6858404e+02
   1.7601390e+02
   1.5190710e+02
   1.6581087e+02
   1.8197547e+02
   1.7033763e+02
   1.8356309e+02
   1.6661672e+02
   1.8238674e+02
   1.7159801e+02
   1.7678257e+02
   1.5558267e+02
   1.5520471e+02
   1.7488351e+02
   1.6641291e+02
   1.5174819e+02
   1.6546934e+02
   1.6644450e+02
   1.6145230e+02
   1.5753178e+02
   1.7221765e+02
   1.7335632e+02
   1.6197510e+02
   1.8323744e+02
   1.6512591e+02
   1.5019302e+02
   1.7022903e+02
   1.7813618e+02
   1.5102475e+02
   1.8877514e+02
   1.6709332e+02
   1.6177118e+02
   1.7283705e+02
   1.6460503e+02
   1.7949737e+02
   1.8327904e+02
   1.7437385e+02
   1.6994490e+02
   1.5296671e+02
   1.6236207e+02
   1.7021814e+02
   1.5001782e+02
   1.5946065e+02
   1.7149504e+02
   1.5768094e+02
   1.6228769e+02
   1.7301260e+02
   1.7189429e+02
   1.7118572e+02
   1.9440893e+02
   1.7670596e+02
   1.6320470e+02
   1.7048529e+02
   1.8160484e+02
   1.8808723e+02
   1.7684621e+02
   1.6221963e+02
   1.7685550e+02
   1.7568333e+02
   1.7525274e+02
   1.6946321e+02
   1.6782133e+02
   1.7096949e+02
   1.6401155e+02
   1.7594379e+02
   1.6949314e+02
   1.8331658e+02
   1.7745640e+02
   1.7226336e+02
   1.8331503e+02
   1.7868309e+02
   1.7340048e+02
   1.6089402e+02
   1.8332589e+02
   1.6873671e+02
   1.6648401e+02
   1.7030143e+02
   1.8068322e+02
   1.7118575e+02
   1.5863410e+02
   1.6719151e+02
   1.6193790e+02
   1.6728199e+02
   1.5748676e+02
   1.7355772e+02
   1.6655208e+02
   1.6116143e+02
   1.6418746e+02
   1.8270441e+02
   1.5804925e+02
   1.7486046e+02
   1.7168949e+02
   1.5806378e+02
   1.7040071e+02
   1.6074656e+02
   1.7835879e+02
   1.7551278e+02
   1.6882979e+02
   1.6010794e+02
   1.6480126e+02
   1.6501867e+02
   1.7345399e+02
   1.8246236e+02
   1.7758684e+02
   1.6554891e+02
   1.5117014e+02
   1.6264111e+02
   1.7352668e+02
   1.5938876e+02
   1.6994836e+02
   1.8472620e+02
   1.8625466e+02
   1.7175818e+02
   1.8769805e+02
   1.7569826e+02
   1.7708937e+02
   1.7556560e+02
   1.6506958e+02
   1.7196018e+02
   1.7517741e+02
   1.8185528e+02
   1.4428649e+02
   1.6146009e+02
   1.8386660e+02
   1.7651926e+02
   1.7217806e+02
   1.7522586e+02
   1.8183280e+02
   1.6054714e+02
   1.7411033e+02
   1.5119054e+02
   1.7132085e+02
   1.7096166e+02
   1.8259984e+02
   1.6265262e+02
   1.7545429e+02
   1.7955807e+02
   1.6293294e+02
   1.7311628e+02
   1.7048762e+02
   1.6826176e+02
   1.6501745e+02
   1.6337697e+02
   1.5832034e+02
   1.6536688e+02
   1.6069962e+02
   1.6953844e+02
   1.8565035e+02
   1.6703730e+02
   1.7971639e+02
   1.7487971e+02
   1.8350496e+02
   1.6993522e+02
   1.6900580e+02
   1.6848713e+02
   1.5782530e+02
   1.9032497e+02
   1.5573012e+02
   1.6876012e+02
   1.6633528e+02
   1.7073642e+02
   1.5568836e+02
   1.7778555e+02
   1.6956810e+02
   1.6771033e+02
   1.8421755e+02
   1.7674682e+02
   1.8718792e+02
   1.8314473e+02
   1.6452836e+02
   1.6744148e+02
   1.8247196e+02
   1.6582868e+02
   1.6924825e+02
   1.6551032e+02
   1.7417334e+02
   1.8075263e+02
   1.6391075e+02
   1.6498140e+02
   1.7953732e+02
   1.8710202e+02
   1.7952409e+02
   1.5627138e+02
   1.6931591e+02
   1.7314514e+02
   1.7072836e+02
   1.6471057e+02
   1.5244191e+02
   1.8206941e+02
   1.8061574e+02
   1.7723284e+02
   1.6622209e+02
   1.5685494e+02
   1.7583539e+02
   1.6138730e+02
   1.6760257e+02
   1.8249690e+02
   1.7961540e+02
   1.6670883e+02
   1.7366231e+02
   1.6337187e+02
   1.6215797e+02
   1.6801899e+02
   1.5713040e+02
   1.8888342e+02
   1.7503861e+02
   1.6237636e+02
   1.6993008e+02
   1.7960473e+02
   1.6826230e+02
   1.6770145e+02
   1.7777791e+02
   1.8476534e+02
   1.7868757e+02
   1.7135792e+02
   1.7530530e+02
   1.7023220e+02
   1.6551717e+02
   1.6341539e+02
   1.6214814e+02
   1.6152971e+02
   1.7010875e+02
   1.5411595e+02
   1.6871965e+02
   1.5486776e+02
   1.6731613e+02
   1.6079734e+02
   1.7145828e+02
   1.7973148e+02
   1.5320043e+02
   1.6251356e+02
   1.6250997e+02
   1.6539298e+02
   1.6806177e+02
   1.6070969e+02
   1.6743721e+02
   1.7993262e+02
   1.7144039e+02
   1.6500940e+02
   1.7305429e+02
   1.7543901e+02
   1.5223370e+02
   1.6825152e+02
   1.8986712e+02
   1.7057357e+02
   1.7174785e+02
   1.8576291e+02
   1.5795074e+02
   1.7853059e+02
   1.6692681e+02
   1.7248014e+02
   1.7602659e+02
   1.6792286e+02
   1.6363994e+02
   1.7642017e+02
   1.6876939e+02
   1.7108694e+02
   1.7596460e+02
   1.7901298e+02
   1.6751773e+02
   1.6026744e+02
   1.7426132e+02
   1.8310581e+02
   1.6380010e+02
   1.7499439e+02
   1.8414304e+02
   1.6927181e+02
   1.7330564e+02
   1.6889718e+02
   1.6075249e+02
   1.6199120e+02
   1.5769260e+02
   1.6831883e+02
   1.8802870e+02
   1.7233712e+02
   1.8628067e+02
   1.6101989e+02
   1.6500517e+02
   1.8734303e+02
   1.5641042e+02
   1.5696228e+02
   1.8996617e+02
   1.7984563e+02
   1.7235209e+02
   1.7063658e+02
   1.8115573e+02
   1.7650069e+02
   1.7752064e+02
   1.8436186e+02
   1.8285849e+02
   1.7239604e+02
   1.5650659e+02
   1.8370317e+02
   1.5998471e+02
   1.4506753e+02
   1.7380217e+02
   1.7148986e+02
   1.6411553e+02
   1.7149175e+02
   1.8385252e+02
   1.7344876e+02
   1.6712487e+02
   1.7104697e+02
   1.5341016e+02
   1.5511069e+02
   1.5930826e+02
   1.5855711e+02
   1.9207481e+02
   1.7570934e+02
   1.7988219e+02
   1.6710701e+02
   1.6268158e+02
   1.7797066e+02
   1.7409443e+02
   1.6575828e+02
   1.5207272e+02
   1.9088428e+02
   1.9020387e+02
   1.5929643e+02
   1.8247844e+02
   1.6705271e+02
   1.6380651e+02
   1.5961669e+02
   1.6542606e+02
   1.7166307e+02
   1.5565169e+02
   1.7114734e+02
   1.5463637e+02
   1.6828398e+02
   1.6042851e+02
   1.8255116e+02
   1.6297454e+02
   1.6774712e+02
   1.7427502e+02
   1.6792315e+02
   1.6422698e+02
   1.5234110e+02
   1.6605923e+02
   1.8141001e+02
   1.7418822e+02
   1.5840617e+02
   1.7955720e+02
   1.6861742e+02
   1.7739805e+02
   1.7151748e+02
   1.4680031e+02
   1.5933641e+02
   1.8596888e+02
   1.6809880e+02
   1.6388230e+02
   1.7272473e+02
   1.7574343e+02
   1.6273021e+02
   1.7305988e+02
   1.5732552e+02
   1.6316648e+02
   1.6374413e+02
   1.7188578e+02
   1.8916594e+02
   1.7596474e+02
   1.6088631e+02
   1.5321507e+02
   1.6216285e+02
   1.8493947e+02
   1.7521545e+02
   1.5912603e+02
   1.8332717e+02
   1.6154316e+02
   1.6963428e+02
   1.6298225e+02
   1.6987086e+02
   1.6314460e+02
   1.6257656e+02
   1.6257430e+02
   1.9034339e+02
   1.4994098e+02
   1.8023107e+02
   1.6536734e+02
   1.7551152e+02
   1.8034414e+02
   1.5533201e+02
   1.7740570e+02
   1.6745275e+02
   1.5969401e+02
   1.6968095e+02
   1.6907944e+02
   1.7307973e+02
   1.7403648e+02
   1.6694583e+02
   1.7748379e+02
   1.7307784e+02
   1.8274122e+02
   1.8423835e+02
   1.6509437e+02
   1.6723402e+02
   1.8070125e+02
   1.9027250e+02
   1.8297419e+02
   1.6999076e+02
   1.7211657e+02
   1.8609454e+02
   1.5877431e+02
   1.6754059e+02
   1.6208150e+02
   1.8397067e+02
   1.5749573e+02
   1.6478797e+02
   1.7060456e+02
   1.7330186e+02
   1.6603019e+02
   1.5983721e+02
   1.6668799e+02
   1.6674229e+02
   1.5814854e+02
   1.5661781e+02
   1.7203908e+02
   1.7694576e+02
   1.7533736e+02
   1.6999863e+02
   1.6373540e+02
   1.5341195e+02
   1.5990771e+02
   1.6378751e+02
   1.6702468e+02
   1.7243113e+02
   1.7220733e+02
   1.7818476e+02
   1.7340453e+02
   1.5598943e+02
   1.7776808e+02
   1.5916046e+02
   1.6517236e+02
   1.6250696e+02
   1.7618081e+02
   1.5221091e+02
   1.7575176e+02
   1.6235268e+02
   1.6110563e+02
   1.5632499e+02
   1.6130384e+02
   1.5727751e+02
   1.6051235e+02
   1.8131688e+02
   1.6764479e+02
   1.5892559e+02
   1.8135382e+02
   1.7560841e+02
   1.7335338e+02
   1.6408111e+02
   1.7626455e+02
   1.6307060e+02
   1.6168117e+02
   1.6347921e+02
   1.6499903e+02
   1.7482538e+02
   1.7860262e+02
   1.4958346e+02
   1.6496695e+02
   1.5514028e+02
   1.8163908e+02
   1.8566667e+02
   1.6310784e+02
   1.7831341e+02
   1.7517213e+02
   1.7354812e+02
   1.7889054e+02
   1.7720244e+02
   1.7206011e+02
   1.6239878e+02
   1.8488459e+02
   1.5974841e+02
   1.6893835e+02
   1.6636706e+02
   1.7990125e+02
   1.8178154e+02
   1.8287658e+02
   1.8402609e+02
   1.5577230e+02
   1.7360529e+02
   1.7008790e+02
   1.6368704e+02
   1.7181937e+02
   1.6684335e+02
   1.5760186e+02
   1.6193499e+02
   1.6033414e+02
   1.6099404e+02
   1.6865721e+02
   1.7196867e+02
   1.6015824e+02
   1.5446040e+02
   1.5943155e+02
   1.7605315e+02
   1.7861523e+02
   1.5574473e+02
   1.7347898e+02
   1.6543841e+02
   1.6064082e+02
   1.7279574e+02
   1.5605950e+02
   1.5618163e+02
   1.6613104e+02
   1.4675077e+02
   1.6183072e+02
   1.5653030e+02
   1.5210102e+02
   1.6106862e+02
   1.7033786e+02
   1.6677327e+02
   1.9190504e+02
   1.6820236e+02
   1.6102946e+02
   1.7700419e+02
   1.7610824e+02
   1.6047802e+02
   1.6874367e+02
   1.5816171e+02
   1.6619103e+02
   1.6669850e+02
   1.9096055e+02
   1.7670519e+02
   1.5809966e+02
   1.5546588e+02
   1.6277079e+02
   1.7336046e+02
   1.8865813e+02
   1.6377997e+02
   1.6819631e+02
   1.5405286e+02
   1.8200940e+02
   1.7585405e+02
   1.7875053e+02
   1.7728943e+02
   1.4908963e+02
   1.8118515e+02
   1.6930216e+02
   1.6381108e+02
   1.6536141e+02
   1.8084839e+02
   1.8900486e+02
   1.8013497e+02
   1.8809081e+02
   1.6454236e+02
   1.5470693e+02
   1.6605019e+02
   1.5916444e+02
   1.5888125e+02
   1.6620089e+02
   1.5497504e+02
   1.6090774e+02
   1.6886129e+02
   1.7109070e+02
   1.6204826e+02
   1.6731135e+02
   1.6967197e+02
   1.6638249e+02
   1.7699170e+02
   1.6090724e+02
   1.7452957e+02
   1.8501357e+02
   1.8669062e+02
   1.6475080e+02
   1.7500163e+02
   1.6019990e+02
   1.7468442e+02
   1.5327882e+02
   1.5274710e+02
   1.6079249e+02
   1.5165019e+02
   1.7500206e+02
   1.7070654e+02
   1.7988122e+02
   1.7307159e+02
   1.7650277e+02
   1.6013047e+02
   1.7867392e+02
   1.6972329e+02
   1.6341993e+02
   1.8138217e+02
   1.7745831e+02
   1.6812421e+02
   1.7276606e+02
   1.6623916e+02
   1.6153073e+02
   1.7209438e+02
   1.6728619e+02
   1.6610067e+02
   1.7362175e+02
   1.6522981e+02
   1.6673007e+02
   1.8666709e+02
   1.4728076e+02
   1.6233972e+02
   1.5729994e+02
   1.9036860e+02
   1.6743418e+02
   1.8637655e+02
   1.7178527e+02
   1.7061727e+02
   1.5822540e+02
   1.5926655e+02
   1.6929149e+02
   1.6376765e+02
   1.9067488e+02
   1.5857420e+02
   1.8391338e+02
   1.7424844e+02
   1.6659218e+02
   1.5965603e+02
   1.6252136e+02
   1.6321562e+02
   1.5649932e+02
   1.8524715e+02
   1.6185510e+02
   1.5782771e+02
   1.7016934e+02
   1.7020070e+02
   1.5616644e+02
   1.6525489e+02
   1.7243286e+02
   1.8286711e+02
   1.6648942e+02
   1.7921961e+02
   1.5381215e+02
   1.6593738e+02
   1.7171995e+02
   1.4581649e+02
   1.7224569e+02
   1.6376373e+02
   1.5888342e+02
   1.8175276e+02
   1.7294379e+02
   1.6246737e+02
   1.6631759e+02
   1.5558647e+02
   1.5946998e+02
   1.8365606e+02
   1.9005810e+02
   1.7759064e+02
   1.6263000e+02
   1.7343432e+02
   1.6457385e+02
   1.6295114e+02
   1.7988310e+02
   1.8993457e+02
   1.7275608e+02
   1.7982807e+02
   1.6303809e+02
   1.6732026e+02
   1.6661191e+02
   1.8326360e+02
   1.6552432e+02
   1.7023475e+02
   1.7604403e+02
   1.6570017e+02
   1.6071924e+02
   1.6779365e+02
   1.6282546e+02
   1.6456385e+02
   1.7874365e+02
   1.6888521e+02
   1.7821241e+02
   1.5637866e+02
   1.6902576e+02
   1.5756830e+02
   1.6986781e+02
   1.5825937e+02
   1.7321668e+02
   1.7830261e+02
   1.6572788e+02
   1.7164845e+02
   1.7857478e+02
   1.7655078e+02
   1.7046492e+02
   1.5344238e+02
   1.6551302e+02
   1.5008906e+02
   1.6624923e+02
   1.7881697e+02
   1.7473698e+02
   1.9426636e+02
   1.6807098e+02
   1.7707476e+02
   1.7108718e+02
   1.6062548e+02
   1.7031253e+02
   1.6429869e+02
   1.6077911e+02
   1.6397150e+02
   1.6799475e+02
   1.9643559e+02
   1.6471127e+02
   1.6308238e+02
   1.6276317e+02
   1.6998675e+02
   1.8147681e+02
   1.5839086e+02
   1.4545358e+02
   1.6914386e+02
   1.7996406e+02
   1.4585488e+02
   1.7770763e+02
   1.8250660e+02
   1.7174245e+02
   1.5040335e+02
   1.7020023e+02
   1.7564293e+02
   1.7831915e+02
   1.7708987e+02
   1.7733309e+02
   1.8125409e+02
   1.5801624e+02
   1.8034461e+02
   1.5242939e+02
   1.7053415e+02
   1.7326885e+02
   1.8095704e+02
   1.6021671e+02
   1.7181910e+02
   1.8335198e+02
   1.7393706e+02
   1.7755568e+02
   1.6968257e+02
   1.6404635e+02
   1.8007084e+02
   1.7605638e+02
   1.8088412e+02
   1.6546260e+02
   1.7054718e+02
   1.8045839e+02
   1.5935060e+02
   1.7566074e+02
   1.7473664e+02
   1.8552587e+02
   1.8968173e+02
   1.8309237e+02
   1.5874551e+02
   1.5363530e+02
   1.5658230e+02
   1.7724688e+02
   1.6470288e+02
   1.5928077e+02
   1.6811849e+02
   1.6895674e+02
   1.5638303e+02
   1.7024954e+02
   1.5910105e+02
   1.6164538e+02
   1.7902890e+02
   1.6464773e+02
   1.6301454e+02
   1.8499984e+02
   1.8027679e+02
   1.7434861e+02
   1.7311866e+02
   1.6092431e+02
   1.6318662e+02
   1.7785289e+02
   1.7060228e+02
   1.6458878e+02
   1.9070724e+02
   1.6410391e+02
   1.6331838e+02
   1.6505332e+02
   1.4613947e+02
   1.7523198e+02
   1.8057306e+02
   1.7536958e+02
   1.5798316e+02
   1.5755815e+02
   1.7871989e+02
   1.6361455e+02
   1.8154217e+02
   1.5865838e+02
   1.7536682e+02
   1.6036517e+02
   1.6465547e+02
   1.6322460e+02
   1.8252349e+02
   1.7800707e+02
   1.7194042e+02
   1.8287577e+02
   1.6042056e+02
   1.5284581e+02
   1.7436124e+02
   1.7060673e+02
   1.7068095e+02
   1.6074389e+02
   1.7707953e+02
   1.7498799e+02
   1.5677681e+02
   1.6955830e+02
   1.8208846e+02
   1.6907451e+02
   1.9025724e+02
   1.7071908e+02
   1.6753529e+02
   1.5718315e+02
   1.7020760e+02
   1.7597381e+02
   1.8886835e+02
   1.6189641e+02
   1.6789778e+02
   1.7077486e+02
   1.7335380e+02
   1.7430105e+02
   1.8479947e+02
   1.7710909e+02
   1.6440154e+02
   1.9403209e+02
   1.6449295e+02
   1.7424642e+02
   1.8492280e+02
   1.8560005e+02
   1.5991121e+02
   1.6828200e+02
   1.6226015e+02
   1.6860614e+02
   1.6844987e+02
   1.5727234e+02
   1.7379000e+02
   1.7420206e+02
   1.6805388e+02
   1.6554115e+02
   1.6661782e+02
   1.4783503e+02
   1.5826455e+02
   1.6089233e+02
   1.7151560e+02
   1.7223065e+02
   1.6580446e+02
   1.7584045e+02
   1.7252339e+02
   1.7853680e+02
   1.6960390e+02
   1.7094451e+02
   1.7620951e+02
   1.7030637e+02
   1.8069899e+02
   1.6377996e+02
   1.7459274e+02
   1.6849952e+02
   1.7434595e+02
   1.6164039e+02
   1.7798270e+02
   1.4592773e+02
   1.6307574e+02
   1.9164267e+02
   1.8655447e+02
   1.7068960e+02
   1.5990977e+02
   1.6416925e+02
   1.6316179e+02
   1.7560917e+02
   1.8645157e+02
   1.6864487e+02
   1.6947058e+02
   1.6840975e+02
   1.8249174e+02
   1.6720397e+02
   1.7315566e+02
   1.5996840e+02
   1.7736068e+02
   1.5755333e+02
   1.7457056e+02
   1.6062738e+02
   2.0121677e+02
   1.7249656e+02
   1.6188130e+02
   1.6799454e+02
   1.8275517e+02
   1.7015694e+02
   1.5438040e+02
   1.7805127e+02
   1.6801388e+02
   1.6058576e+02
   1.8403235e+02
   1.7196817e+02
   1.5933811e+02
   1.8652916e+02
   1.8110566e+02
   1.5685411e+02
   1.7228097e+02
   1.7781065e+02
   1.6240570e+02
   1.7406169e+02
   1.6879105e+02
   1.6786746e+02
   1.5963013e+02
   1.8345932e+02
   1.7480862e+02
   1.6959518e+02
   1.7200348e+02
   1.8420434e+02
   1.6770468e+02
   1.6309694e+02
   1.7402524e+02
   1.7905701e+02
   1.6615871e+02
   1.5716461e+02
   1.5286100e+02
   1.5867824e+02
   1.8535132e+02
   1.7989749e+02
   1.5829552e+02
   1.6811588e+02
   1.7310644e+02
   1.6338548e+02
   1.7330395e+02
   1.6283043e+02
   1.5887815e+02
   1.6039991e+02
   1.7612094e+02
   1.6568074e+02
   1.6616130e+02
   1.6962812e+02
   1.6024286e+02
   1.6461091e+02
   1.7655841e+02
   1.7993576e+02
   1.6969714e+02
   1.7229790e+02
   1.6225424e+02
   1.6518841e+02
   1.6593547e+02
   1.7523726e+02
   1.6752303e+02
   1.8145626e+02
   1.5978384e+02
   1.7302270e+02
   1.6353945e+02
   1.7026423e+02
   1.7120959e+02
   1.4854135e+02
   1.6792036e+02
   1.6306955e+02
   1.8967839e+02
   1.8046362e+02
   1.6834662e+02
   1.6420171e+02
   1.6782808e+02
   1.7240101e+02
   1.8021223e+02
   1.6909752e+02
   1.7839270e+02
   1.6702647e+02
   1.8155021e+02
   1.6554744e+02
   1.5890626e+02
   1.8140757e+02
   1.7933067e+02
   1.6479352e+02
   1.6410287e+02
   1.8381378e+02
   1.6695667e+02
   1.7195425e+02
   1.8158825e+02
   1.7032976e+02
   1.6044836e+02
   1.6726894e+02
   1.8157780e+02
   1.6296215e+02
   1.8141164e+02
   1.6841872e+02
   1.6031530e+02
   1.6107301e+02
   1.7909458e+02
   1.7332341e+02
   1.7270755e+02
   1.5517669e+02
   1.8194399e+02
   1.6868841e+02
   1.7416051e+02
   1.8342473e+02
   1.5836139e+02
   1.7428560e+02
   1.5670687e+02
   1.5077080e+02
   1.8290020e+02
   1.7076565e+02
   1.7431129e+02
   1.5994836e+02
   1.7353999e+02
   1.6211493e+02
   1.7483818e+02
   1.6136304e+02
   1.7374908e+02
   1.9722350e+02
   1.7832164e+02
   1.6530952e+02
   1.6764932e+02
   1.5482808e+02
   1.7109342e+02
   1.8057745e+02
   1.8156835e+02
   1.6364453e+02
   1.7367585e+02
   1.7306387e+02
   1.7056086e+02
   1.6294526e+02
   1.6275933e+02
   1.7004354e+02
   1.6581262e+02
   1.6572209e+02
   1.7532017e+02
   1.7714409e+02
   1.6944429e+02
   1.7310583e+02
   1.8248180e+02
   1.6415764e+02
   1.7370624e+02
   1.7500828e+02
   1.6755537e+02
   1.6764739e+02
   1.6980404e+02
   1.6244455e+02
   1.8472642e+02
   1.7005147e+02
   1.6235605e+02
   1.6677143e+02
   1.8457794e+02
   1.5215117e+02
   1.7521725e+02
   1.7851512e+02
   1.7745304e+02
   1.5627233e+02
   1.8792015e+02
   1.6695057e+02
   1.7289869e+02
   1.6380798e+02
   1.6951338e+02
   1.5628244e+02
   1.6634713e+02
   1.6196408e+02
   1.6726699e+02
   1.7340093e+02
   1.7060080e+02
   1.7951579e+02
   1.7107335e+02
   1.4273134e+02
   1.6507652e+02
   1.8117860e+02
   1.8049753e+02
   1.8984414e+02
   1.6258128e+02
   1.8339766e+02
   1.7170582e+02
   1.7706969e+02
   1.7316718e+02
   1.7432067e+02
   1.7226897e+02
   1.6560112e+02
   1.4622218e+02
   1.5760914e+02
   1.5454052e+02
   1.6521058e+02
   1.4536131e+02
   1.7349143e+02
   1.7971300e+02
   1.5508591e+02
   1.6879778e+02
   1.6490124e+02
   1.6525559e+02
   1.7800878e+02
   1.6774665e+02
   1.6427431e+02
   1.5898806e+02
   1.7104934e+02
   1.7292992e+02
   1.7106292e+02
   1.7353202e+02
   1.7732304e+02
   1.8027989e+02
   1.6410726e+02
   1.7087843e+02
   1.7456941e+02
   1.7053186e+02
   1.7343100e+02
   1.5977455e+02
   1.7624151e+02
   1.6515843e+02
   1.6820610e+02
   1.8948165e+02
   1.6917717e+02
   1.7304505e+02
   1.4526702e+02
   1.7887656e+02
   1.8604074e+02
   1.5844204e+02
   1.6776442e+02
   1.6257986e+02
   1.4993626e+02
   1.5641645e+02
   1.6955917e+02
   1.7021041e+02
   1.7691082e+02
   1.6657595e+02
   1.6666879e+02
   1.8554673e+02
   1.6270555e+02
   1.6191656e+02
   1.7505628e+02
   1.7558756e+02
   1.6966211e+02
   1.7018102e+02
   1.6318595e+02
   1.8224207e+02
   1.7207561e+02
   1.7752666e+02
   1.8121654e+02
   1.7709923e+02
   1.4927136e+02
   1.8078494e+02
   1.6461378e+02
   1.7097973e+02
   1.7170321e+02
   1.5288037e+02
   1.8518897e+02
   1.7309340e+02
   1.7699090e+02
   1.6860465e+02
   1.7521841e+02
   1.6966750e+02
   1.6728845e+02
   1.8063889e+02
   1.6934412e+02
   1.5907034e+02
   1.7568189e+02
   1.6227981e+02
   1.6385258e+02
   1.6449515e+02
   1.8115786e+02
   1.7141285e+02
   1.5889928e+02
   1.6674525e+02
   1.7593813e+02
   1.6821401e+02
   1.6513709e+02
   1.4857371e+02
   1.5804588e+02
   1.6986653e+02
   1.5191283e+02
   1.6521531e+02
   1.6486432e+02
   1.6314295e+02
   1.6058476e+02
   1.7843315e+02
   1.5307422e+02
   1.7725679e+02
